0.0
0.06470588235294117
0.14235294117647057
0.2329411764705882
0.2976470588235294
0.388235294117647
0.4788235294117647
0.5435294117647058
0.6082352941176471
0.6858823529411765
0.7505882352941176
0.8152941176470588
0.8929411764705881
0.9576470588235294
1.0223529411764705
1.0741176470588234
1.1258823529411763
1.1905882352941175
1.2294117647058824
1.3070588235294116
1.3588235294117645
1.4105882352941175
1.4623529411764704
1.5141176470588233
1.5658823529411763
1.604705882352941
1.643529411764706
1.708235294117647
1.772941176470588
1.8247058823529412
1.876470588235294
1.928235294117647
1.9799999999999998
2.005882352941176
2.0576470588235294
2.109411764705882
2.148235294117647
2.1870588235294117
2.2388235294117647
2.264705882352941
2.3035294117647056
2.3423529411764705
2.368235294117647
2.4070588235294115
2.4458823529411764
2.471764705882353
2.5105882352941173
2.5494117647058823
2.5752941176470587
2.5882352941176467
2.614117647058823
2.6270588235294117
2.64
2.64
2.601176470588235
2.5752941176470587
2.5494117647058823
2.5364705882352943
2.5105882352941173
2.4976470588235293
2.484705882352941
2.484705882352941
2.458823529411765
2.4329411764705884
2.4199999999999995
2.4070588235294115
2.3941176470588235
2.381176470588235
2.368235294117647
2.3552941176470585
2.3423529411764705
2.3294117647058825
2.3294117647058825
2.3164705882352936
2.3164705882352936
2.3035294117647056
2.3035294117647056
2.2905882352941176
2.2905882352941176
2.2905882352941176
2.277647058823529
2.277647058823529
2.277647058823529
2.277647058823529
2.277647058823529
2.277647058823529
2.264705882352941